  1.5620000e+003  7.6600000e+002  8.4900000e+002  6.7200000e+002
  1.7170000e+003  7.6200000e+002  9.9200000e+002  6.7200000e+002
  1.4850000e+003  1.2160000e+003  6.8800000e+002  1.0980000e+003
  1.6570000e+003  1.2130000e+003  8.4400000e+002  1.1000000e+003
  1.8210000e+003  1.2500000e+003  1.1890000e+003  1.1560000e+003
  1.7670000e+003  1.6710000e+003  1.0700000e+003  1.5570000e+003
  1.6220000e+003  1.6730000e+003  9.3600000e+002  1.5540000e+003
  1.9750000e+003  2.4740000e+003  1.1370000e+003  2.3290000e+003
  2.1850000e+003  2.4740000e+003  1.3330000e+003  2.3430000e+003
  2.1410000e+003  2.2920000e+003  1.2030000e+003  2.1480000e+003
  1.9170000e+003  2.2870000e+003  9.9800000e+002  2.1340000e+003
  1.9370000e+003  2.0440000e+003  1.0570000e+003  1.9020000e+003
  2.1620000e+003  2.0410000e+003  1.2680000e+003  1.9090000e+003
  3.2280000e+003  2.3530000e+003  2.3660000e+003  2.2750000e+003
  3.5220000e+003  2.3450000e+003  2.6620000e+003  2.2800000e+003
  3.5950000e+003  2.2060000e+003  2.6750000e+003  2.1370000e+003
  3.2810000e+003  2.2120000e+003  2.3580000e+003  2.1290000e+003
  3.2560000e+003  2.0400000e+003  2.3620000e+003  1.9600000e+003
  3.5640000e+003  2.0330000e+003  2.6760000e+003  1.9680000e+003
  3.0090000e+003  1.6660000e+003  2.2610000e+003  1.5930000e+003
  3.6950000e+003  1.6760000e+003  2.9530000e+003  1.6270000e+003
  3.7280000e+003  1.6100000e+003  2.9680000e+003  1.5610000e+003
  3.0230000e+003  1.5930000e+003  2.2540000e+003  1.5200000e+003
  2.9930000e+003  1.1600000e+003  2.3060000e+003  1.0970000e+003
  3.6400000e+003  1.1720000e+003  2.9580000e+003  1.1250000e+003
  3.3380000e+003  1.3520000e+003  2.6090000e+003  1.2940000e+003
  3.4850000e+003  1.3560000e+003  2.7610000e+003  1.3000000e+003
  3.5220000e+003  1.2340000e+003  2.7720000e+003  1.1780000e+003
  3.3710000e+003  1.2280000e+003  2.6170000e+003  1.1680000e+003
  3.3450000e+003  1.0590000e+003  2.6300000e+003  1.0010000e+003
  3.4930000e+003  1.0630000e+003  2.7790000e+003  1.0090000e+003
